11
-3.462772478898681584e+03 6.811901424771142501e+02
-3.010506756033550573e+03 1.197490269974168768e+03
-3.333536718369370192e+03 7.212695276976087371e+02
-2.979351251734610287e+03 7.234389657964845810e+02
-3.652648224144679716e+03 4.885394630734228372e+02
-3.237454457576259756e+03 8.370313240440124218e+02
-2.670887344767544619e+03 8.938413010762355952e+02
-3.398571923785566014e+03 1.033811189087253069e+03
-2.896624713861835062e+03 7.813781753573549622e+02
-3.634920153160305290e+03 5.667277275637802632e+02
-3.318988717346537214e+03 1.290606825149255656e+03
-2.748238289646905287e+03 8.730635704341409564e+02
-2.507456458955483413e+03 8.423967132099406854e+02
-3.648985592339576669e+03 3.944094021415912721e+02
-2.996823221465749157e+03 9.634156297013767016e+02
-2.637402658147004331e+03 1.114537643226766704e+03
-2.219869998804415445e+03 7.739942846661203930e+02
-3.151227798583578533e+03 6.155148943279089053e+02
-2.342984547017199475e+03 7.950622297084036063e+02
-3.026606187128238616e+03 1.064912261458437342e+03
-3.316661120163224950e+03 6.083254324016161263e+02
-2.773047127370160979e+03 7.983341805819441106e+02
-3.735305547952961660e+03 1.300357286997123310e+03

0.000000000000000000e+00 0.000000000000000000e+00
0.000000000000000000e+00 0.000000000000000000e+00
0.000000000000000000e+00 0.000000000000000000e+00
-1.591282532600044375e+00 -7.524610587957872632e+00
0.000000000000000000e+00 0.000000000000000000e+00
-1.111908625289085606e+01 -5.115234846429890325e+01
0.000000000000000000e+00 0.000000000000000000e+00
0.000000000000000000e+00 0.000000000000000000e+00
0.000000000000000000e+00 0.000000000000000000e+00
-8.035443567516189489e+00 -3.676453270751364499e+01
0.000000000000000000e+00 0.000000000000000000e+00
0.000000000000000000e+00 0.000000000000000000e+00
-1.093253996728838899e+02 -3.490300978055913106e+02
0.000000000000000000e+00 0.000000000000000000e+00
-5.276875524573279108e+01 -1.940371812017743594e+02
0.000000000000000000e+00 0.000000000000000000e+00
0.000000000000000000e+00 0.000000000000000000e+00
0.000000000000000000e+00 0.000000000000000000e+00
0.000000000000000000e+00 0.000000000000000000e+00
-1.285874233955974510e+01 -5.850861576362583349e+01
-1.031805203180196706e+01 -4.662172358986872212e+01
0.000000000000000000e+00 0.000000000000000000e+00
0.000000000000000000e+00 0.000000000000000000e+00
-8.586980351346852558e+00 -3.905001360531716159e+01
-1.210741265020840984e+01 -5.526314320500716093e+01
0.000000000000000000e+00 0.000000000000000000e+00
0.000000000000000000e+00 0.000000000000000000e+00
-3.765762349800155562e+00 -1.707919798702302927e+01
0.000000000000000000e+00 0.000000000000000000e+00
0.000000000000000000e+00 0.000000000000000000e+00
0.000000000000000000e+00 0.000000000000000000e+00
0.000000000000000000e+00 0.000000000000000000e+00
0.000000000000000000e+00 0.000000000000000000e+00
-7.266242332201948706e+00 -3.307000940042398440e+01
-8.735223157362254653e+01 -3.350833587321907316e+02
-8.726408639285077484e+00 -3.969030619019528672e+01
-9.138918368632831246e+00 -4.140383946647653346e+01
-1.840358102718202327e+00 -8.690986240507058369e+00
0.000000000000000000e+00 0.000000000000000000e+00
-1.388335848660137017e+01 -6.560953039708041956e+01
0.000000000000000000e+00 0.000000000000000000e+00
-1.517636140569712033e+01 -6.921766994545386353e+01
0.000000000000000000e+00 0.000000000000000000e+00
-7.721245679044829835e+00 -3.636116741019130671e+01
0.000000000000000000e+00 0.000000000000000000e+00
0.000000000000000000e+00 0.000000000000000000e+00
0.000000000000000000e+00 0.000000000000000000e+00
-1.279907022821377005e+01 -5.965703059449767665e+01
0.000000000000000000e+00 0.000000000000000000e+00
-7.123684762643141433e+00 -3.256533019127307682e+01
-9.139075278870269159e+00 -4.140456082343177258e+01
0.000000000000000000e+00 0.000000000000000000e+00
0.000000000000000000e+00 0.000000000000000000e+00
-2.972312907805341453e+01 -1.244927490313856850e+02
0.000000000000000000e+00 0.000000000000000000e+00
0.000000000000000000e+00 0.000000000000000000e+00
-2.862371896850610664e+00 -1.339314164354712489e+01
0.000000000000000000e+00 0.000000000000000000e+00
0.000000000000000000e+00 0.000000000000000000e+00
0.000000000000000000e+00 0.000000000000000000e+00
0.000000000000000000e+00 0.000000000000000000e+00
0.000000000000000000e+00 0.000000000000000000e+00
0.000000000000000000e+00 0.000000000000000000e+00
0.000000000000000000e+00 0.000000000000000000e+00
0.000000000000000000e+00 0.000000000000000000e+00
0.000000000000000000e+00 0.000000000000000000e+00
-3.505712383759026096e+01 -1.554498158086186947e+02
0.000000000000000000e+00 0.000000000000000000e+00
0.000000000000000000e+00 0.000000000000000000e+00
0.000000000000000000e+00 0.000000000000000000e+00
-5.363873583299869097e+01 -2.445570397255079058e+02
-9.287983164269537184e+00 -4.245303383822267307e+01
0.000000000000000000e+00 0.000000000000000000e+00
0.000000000000000000e+00 0.000000000000000000e+00
0.000000000000000000e+00 0.000000000000000000e+00
0.000000000000000000e+00 0.000000000000000000e+00
-9.267551110809151282e+00 -4.259543293293413058e+01
0.000000000000000000e+00 0.000000000000000000e+00
0.000000000000000000e+00 0.000000000000000000e+00
0.000000000000000000e+00 0.000000000000000000e+00
0.000000000000000000e+00 0.000000000000000000e+00
0.000000000000000000e+00 0.000000000000000000e+00
0.000000000000000000e+00 0.000000000000000000e+00
0.000000000000000000e+00 0.000000000000000000e+00
0.000000000000000000e+00 0.000000000000000000e+00
0.000000000000000000e+00 0.000000000000000000e+00
0.000000000000000000e+00 0.000000000000000000e+00
0.000000000000000000e+00 0.000000000000000000e+00
0.000000000000000000e+00 0.000000000000000000e+00
0.000000000000000000e+00 0.000000000000000000e+00
0.000000000000000000e+00 0.000000000000000000e+00
0.000000000000000000e+00 0.000000000000000000e+00
0.000000000000000000e+00 0.000000000000000000e+00

-4.448002436115046294e+03 1.476966596011962451e+02
-4.163921594360404015e+03 8.809459954444644154e+02
-3.874345473497560306e+03 4.749491868694537970e+02
-4.048388246724350665e+03 8.173212865498829842e+02
-3.932235390792855014e+03 2.830612839631263569e+02
-3.923471313655811173e+03 7.864018736159334821e+02
-4.437961612797013004e+03 2.695574314616263223e+02
-3.865081332824994661e+03 4.740548877526555316e+02
-4.726106495370538141e+03 4.436407167152034390e+02
-4.187430435319352000e+03 5.154055155799097747e+02
-4.272121224247521241e+03 8.223872529335664012e+02
-3.692202704879885459e+03 6.117988054103568629e+02
-3.946797357703935177e+03 9.382657758317087655e+02
-3.669331821018487517e+03 7.962509563886485466e+02
-3.996068110191019514e+03 4.815647271065955124e+02
-4.153414007644060803e+03 1.118479858721635537e+03
-3.731742711249726653e+03 8.481763443331657299e+02
-4.776919096628637817e+03 4.911433854335771230e+02
-4.291995359203648150e+03 5.546479271405373765e+02
-4.583917602504268871e+03 1.274404717375787186e+03
-4.369991478302145879e+03 1.136406198208864680e+03
-4.004765522220574894e+03 5.827958481988557651e+02
-3.929497263157454654e+03 7.557953126876477654e+02
-4.454869468935879013e+03 -2.959761076170481076e+01
-4.416377885026007789e+03 1.436315433329129121e+02
-3.872103890229435819e+03 9.478050993526609318e+02
-4.472000101428313428e+03 1.143566141467293164e+03
-3.623777215681731377e+03 8.333585267197992152e+02
-4.505080422725976860e+03 2.409475517695896372e+02
-4.194391362034685699e+03 5.333761851757403747e+02
-4.014062856066323093e+03 5.170684801916181641e+02
-4.298511475504746159e+03 4.812245336090797991e+02
-4.371989627636312434e+03 3.182273763527798565e+02
-4.058397832864172415e+03 5.549978839836916222e+02
-4.101368928948860230e+03 5.120178259208097415e+02
-4.290261152916760693e+03 1.870330266859741926e+02
-4.561202456438846639e+03 9.184010352689186902e+02
-3.785786459988083607e+03 4.917971558207394764e+02
-3.941496015401169643e+03 4.382537957589869961e+02
-4.356120509606244923e+03 2.382215439119267728e+02
-4.206796416364320066e+03 1.420527050882592448e+02
-3.675658344403565934e+03 8.166151202555444115e+02
-4.654491179427805946e+03 6.186534989103411135e+02
-3.984233831919723343e+03 6.673256546579301585e+02
-4.063268472899957032e+03 6.441257374288460369e+02
-4.131595915792973756e+03 9.038312253158245539e+02
-4.100781808843739782e+03 -1.787725367082875323e+02
-3.919056774246116674e+03 6.624358831673270060e+02
-4.175463072106615073e+03 3.982556259649473418e+02
-4.301898414341933858e+03 9.343158543489403201e+02
-4.484213192422247630e+03 -4.234167331836871107e+00
-3.677053160427007242e+03 2.827513729657866293e+02
-4.702712189496652172e+03 5.989880443851470773e+02

-6.065192580905973045e+03 -9.972559908309601724e+02
-5.615178570799477711e+03 -2.507902259692054940e+02
-6.131129064420267241e+03 -9.343431222248924541e+02
-6.331398650269602513e+03 -3.454984185929475302e+02
-5.435388984910822728e+03 -8.113735745055083726e+02
-5.590333609919709488e+03 -7.391662724237423845e+02
-5.049064255865042469e+03 -5.626135778411490946e+02
-5.775599594769405485e+03 -9.832992886341029362e+02
-5.307322883583980001e+03 -6.734310885296544029e+02
-4.773659344442713518e+03 -6.264236387760066691e+02
-5.754545337916086282e+03 -6.476285052756725236e+02
-5.596666032036358047e+03 -7.738927397013437712e+02
-5.447037907749178885e+03 -8.416041796372688850e+02
-5.211053561832430205e+03 -6.242661861993537968e+02
-5.286887372009204228e+03 -6.844998308243866632e+02
-5.386405323616159876e+03 -7.337580281629615229e+02
-5.497995809382086009e+03 -4.127479456766492945e+02
-5.102830740866668748e+03 -6.500746457721090792e+02
-5.615331065653885162e+03 -7.714836986316767025e+02
-5.513470212588244976e+03 -6.165505195886260026e+02
-5.630117243125157984e+03 -7.640856811004658766e+02
-5.401240625518476918e+03 -4.317030606976201739e+02
-5.827145115625690778e+03 -9.014963648239370286e+02
-5.646413169551165993e+03 -1.507677742509286816e+02
-6.079153403144815456e+03 -7.377865669599273701e+01
-5.549308001669289297e+03 -9.323706291806289528e+02
-5.230798418143716844e+03 -7.592337361030785132e+02
-5.991830878579634373e+03 -5.105270917076148862e+02
-5.779554024865204156e+03 1.661442415252604974e+02
-6.182413232975591200e+03 -2.281620754802538897e+02
-6.196332764270734515e+03 -1.789658315788935283e+02
-5.214828959946037685e+03 -5.752423270575344532e+02
-5.407840646747210485e+03 -8.707463150284708036e+02
-5.390031618526782040e+03 -4.069250474884037203e+02
-5.606359933688761885e+03 -1.041121974958850160e+03
-5.251957442859760704e+03 -5.230584930002479496e+02
-6.346264934460836230e+03 -1.346203782575863443e+03
-5.146798617804802234e+03 -4.726731696689297451e+02
-5.581600076102351522e+03 -9.382540287385103284e+02
-5.398203851708471120e+03 -5.097369751511640743e+02
-5.140351754946134861e+03 -7.472654041023384934e+02
-5.547053167673452663e+03 -1.156833805530497557e+03
-5.573823453015540508e+03 -9.489973052449879560e+02
-5.238252542915737649e+03 -6.339643257934581015e+02
-6.229848259409348429e+03 -4.716072024660346642e+02
-5.209188605340689719e+03 -5.504903738901733732e+02
-6.349936344444576207e+03 -5.880833488234676452e+02
-6.539453720320217144e+03 -1.158821052024673008e+03
-5.676611150124122105e+03 -7.574356455298003539e+02
-5.155958060543806823e+03 -5.310335919133266316e+02
-5.762348916767123228e+03 -9.487244738457660560e+02
-5.326854128051546468e+03 -6.064449807966947219e+02
-6.265497811424143947e+03 -3.821667714632433785e+02
-6.822359241865249714e+03 -9.043800703392579408e+02
-5.085444681961724200e+03 -4.858557258301260617e+02
-6.121709305778318594e+03 -9.336396440082329491e+02

-5.306472224659757558e+03 4.474308866183093869e+01
-6.416256887798828757e+03 6.850033312410751023e+02
-4.835652175931286365e+03 -1.295507502588508544e+02
-5.017608103524916260e+03 4.040224874553420165e+00
-5.090096134566324508e+03 7.392055897063647762e+02
-4.788779922723625532e+03 -1.153738508706903616e+02
-5.144001587113555615e+03 9.588497084724312458e+01
-5.133712365535335266e+03 -9.142751744497880395e+01
-5.029136321320138450e+03 -3.029506979927488146e+02
-4.888110683759973654e+03 6.507912294593669458e+02
-5.264090430386931075e+03 1.986633465846140609e+02
-4.930233391418019892e+03 -9.688902292493344248e+01
-5.538169190404506480e+03 2.367128194417479747e+01
-5.774900172203597322e+03 6.270254168518488314e+02
-4.798895688342690846e+03 -1.795962740719971293e+02
-5.411377069776653116e+03 -2.173248412020866738e+02
-5.286358909924282671e+03 -2.689244727543448903e+02
-5.075976489233934444e+03 4.473457405204646165e+01
-5.563788551096621632e+03 6.806262859501041476e+02
-5.841359544811703927e+03 3.739627753773800123e+02
-5.867673557388624431e+03 5.040807064211521720e+02
-5.934935977090169217e+03 3.362334631097624538e+02
-5.282499426910172588e+03 3.692512145330061912e+02
-4.982977394657277728e+03 -2.819729795506085566e+02
-5.017522394750610147e+03 -3.481446943154264204e+02
-5.082799139546155857e+03 4.585830721297909349e+02
-5.592809768897987851e+03 4.598241342021347577e+02
-5.192163856211010170e+03 -3.985605199645955281e+02
-4.973675294347431191e+03 -3.457903164683444288e+02
-5.009425844620075623e+03 -9.811972402132900584e+01
-6.067649642060963743e+03 1.030799516053379961e+02
-4.716735182343448287e+03 4.122818579026512680e+02
-5.206479789432586585e+03 -2.708662325261746560e+02
-4.605652343061021384e+03 -3.686784865436350742e+02
-5.098674105917206361e+03 2.996925404617022082e+02
-5.148594865740647947e+03 2.612603639155124142e+02
-5.115472622247010804e+03 -2.557154003302227920e+02
-6.082317967740029417e+03 7.991925110531452958e+01
-4.842796976210039247e+03 -1.578261640772329315e+02
-4.742675382769380121e+03 4.651042590710544005e+02
-5.196894860049730596e+03 -2.539768205983327221e+02
-4.730472339183954318e+03 3.549695424499912519e+02
-5.063424937803004468e+03 -2.706495530323649632e+02
-5.192467139410889104e+03 -1.347223371606854769e+01
-5.182970873690498593e+03 2.396446528679032042e+02
-5.600626921339721775e+03 -1.901936375378395780e+02
-4.724557668879975608e+03 -4.198298660934142390e+02
-5.467491470591986399e+03 4.308982462080765572e+02
-5.268229367426662975e+03 -2.937884138049399851e+00
-5.203992867319683683e+03 5.523592739219954950e+01
-4.941194375824202325e+03 2.306101773466056386e+02
-4.801654732466265159e+03 -1.016903454170520860e+02

2396.52618755
209.808914253
11.4224230943
