1.0,0.0,0.05866,-0.00838,0.06704,0.00838,0.0,-0.01117,0.00559,-0.03911,0.01676,-0.07542,-0.00559,0.05307,0.06425,-0.03352,0.0,0.09497,-0.06425,0.07542,-0.04749,0.02514,0.02793,-0.00559,0.00838,0.00559,0.10335,-0.00838,0.03073,-0.00279,0.04469,0.0,0.04749,-0.03352,0.0
1.0,0.0,0.84134,-0.18362,0.43644,0.02919,0.93421,-0.00267,0.87947,0.13795,0.81121,-0.01789,0.88559,0.54991,0.91714,-0.57486,0.75,-0.2952,0.86676,-0.20104,1.0,1.0,0.4661,-0.1629,0.90066,-0.02778,0.93358,-0.01158,0.61582,-0.32298,0.84463,-0.25706,0.93323,-0.01425,1.0
1.0,0.0,0.82624,0.08156,0.79078,-0.08156,0.90426,-0.01773,0.92908,0.01064,0.80142,0.08865,0.94681,-0.00709,0.94326,0.0,0.93262,0.20213,0.95035,-0.00709,0.91489,0.00709,0.80496,0.07092,0.91135,0.15957,0.89527,0.08165,0.7766,0.06738,0.92553,0.18085,0.92553,0.0,1.0
1.0,0.0,0.79847,0.38265,0.80804,-0.16964,1.0,-0.07653,0.98151,-0.07398,0.70217,0.20663,0.99745,0.02105,0.98214,0.02487,1.0,-0.13074,0.95663,0.07717,1.0,0.00191,0.90306,0.30804,1.0,-0.14541,1.0,-0.00394,0.75638,0.07908,1.0,-0.1875,1.0,-0.0574,1.0
1.0,0.0,0.72414,-0.01084,0.79704,0.01084,0.8,0.00197,0.79015,0.01084,0.78424,-0.00985,0.8335,0.03251,0.85123,0.01675,0.80099,-0.00788,0.79113,-0.02956,0.75961,0.0335,0.74778,0.05517,0.72611,-0.01478,0.78041,0.00612,0.74089,-0.05025,0.82956,0.02956,0.79015,0.00788,1.0
1.0,0.0,1.0,0.09091,0.95455,-0.09091,0.77273,0.0,1.0,0.0,0.95455,0.0,1.0,0.04545,0.90909,-0.04545,1.0,0.0,1.0,0.0,0.86364,0.09091,0.77273,0.09091,0.90909,0.04545,0.91541,0.02897,0.95455,0.09091,0.86364,-0.09091,0.86364,0.04545,1.0
1.0,0.0,1.0,0.63548,1.0,1.0,0.77123,1.0,-0.33333,1.0,-1.0,1.0,0.0,1.0,-1.0,1.0,-1.0,0.0,-1.0,-0.66667,-1.0,-0.92536,-1.0,-0.33333,-0.33333,-1.0,0.19235,-1.0,1.0,-1.0,0.0,-1.0,1.0,-0.66667,1.0
1.0,0.0,-0.205,0.2875,0.23,0.1,0.2825,0.3175,0.3225,0.35,0.36285,-0.34617,0.0925,0.275,-0.095,0.21,-0.0875,0.235,-0.34187,0.31408,-0.48,-0.08,0.29908,0.33176,-0.58,-0.24,0.3219,-0.28475,-0.47,0.185,-0.27104,-0.31228,0.40445,0.0305,0.0
1.0,0.0,0.7087,-0.24783,0.64348,0.04348,0.45217,0.38261,0.65217,0.18261,0.5,0.26957,0.57826,-0.23043,0.50435,0.37826,0.38696,-0.42609,0.36087,-0.26087,0.26957,0.11739,0.53246,-0.03845,0.31304,-0.12174,0.4993,-0.04264,0.48348,-0.04448,0.64348,-0.25217,0.50435,0.14783,1.0
1.0,0.0,0.68729,1.0,0.91973,-0.76087,0.81773,0.04348,0.76087,0.10702,0.86789,0.73746,0.70067,0.18227,0.7592,0.13712,0.93478,-0.25084,0.70736,0.18729,0.64883,0.24582,0.60201,0.77425,1.0,-0.53846,0.89262,0.22216,0.7107,0.53846,1.0,-0.06522,0.56522,0.23913,0.0
1.0,0.0,0.98182,0.0,0.88627,0.03131,0.86249,0.04572,0.8,0.0,0.69091,0.04545,0.79343,0.08436,0.77118,0.09579,0.62727,0.25455,0.68182,0.12727,0.70674,0.12608,0.68604,0.13493,0.74545,0.22727,0.64581,0.15088,0.67273,0.02727,0.60715,0.16465,0.5884,0.17077,1.0
0.0,0.0,0.0,0.0,1.0,1.0,0.0,0.0,1.0,1.0,0.0,0.0,1.0,-1.0,0.0,0.0,0.0,0.0,0.0,0.0,0.0,0.0,0.0,0.0,0.0,0.0,1.0,-1.0,0.0,0.0,-1.0,1.0,0.0,0.0,0.0
1.0,0.0,0.42,-0.61,0.0,0.0,1.0,-1.0,0.9,1.0,0.43,0.64,0.0,0.0,0.0,0.0,0.67,-0.29,0.84,-1.0,0.0,0.0,0.0,0.0,0.21,0.68,1.0,0.22,0.0,0.0,0.0,0.0,0.0,0.0,0.0
1.0,0.0,0.43636,-0.12727,0.58182,-0.14545,0.18182,-0.67273,0.34545,-0.03636,0.29091,-0.05455,0.29091,0.29091,0.36364,-0.41818,0.2,-0.01818,0.36364,0.05455,0.12727,0.49091,0.61818,0.16364,0.32727,0.16364,0.41098,-0.07027,0.34545,-0.05455,0.12727,-0.36364,0.29091,-0.29091,0.0
1.0,0.0,0.97588,-0.10602,0.94601,-0.208,0.92806,-0.2835,0.85996,-0.27342,0.79766,-0.47929,0.78225,-0.50764,0.74628,-0.61436,0.57945,-0.68086,0.37852,-0.73641,0.36324,-0.76562,0.31898,-0.79753,0.22792,-0.81634,0.13659,-0.8251,0.04606,-0.82395,-0.04262,-0.81318,-0.13832,-0.80975,1.0
0.0,0.0,1.0,-1.0,-1.0,1.0,-1.0,1.0,1.0,1.0,1.0,1.0,-1.0,-1.0,-1.0,-1.0,1.0,1.0,1.0,-1.0,-1.0,-1.0,-1.0,-1.0,1.0,0.0,1.0,-1.0,1.0,-1.0,-1.0,1.0,-1.0,1.0,0.0
1.0,0.0,0.88305,-0.21996,1.0,0.36373,0.82403,0.19206,0.85086,0.05901,0.90558,-0.04292,0.85193,0.25,0.77897,0.25322,0.69206,0.5794,0.7103,0.39056,0.73176,0.27575,1.0,0.34871,0.5676,0.52039,0.69811,0.53235,0.80901,0.58584,0.43026,0.70923,0.52361,0.54185,1.0
1.0,0.0,0.68198,-0.17314,0.82332,0.21908,0.46643,0.32862,0.25795,0.58304,1.0,-0.15194,0.0106,0.44523,0.0106,0.38869,0.18681,0.41168,0.10567,0.36353,0.04325,0.30745,-0.00083,0.24936,-0.02862,0.19405,-0.04314,0.14481,-0.04779,0.10349,-0.04585,0.07064,-0.04013,0.04586,0.0
1.0,0.0,0.94649,0.00892,0.97287,-0.0026,0.98922,0.00372,0.95801,0.01598,0.94054,0.0353,0.97213,0.04719,0.98625,0.01858,0.94277,0.07135,0.98551,-0.00706,0.9777,0.0498,0.96358,0.07098,0.93274,0.08101,0.95243,0.04356,0.97473,0.00818,0.97845,0.07061,1.0,-0.0026,1.0
1.0,0.0,0.17188,-1.0,-1.0,1.0,0.0,0.0,0.0,0.0,-1.0,1.0,0.0,0.0,-0.61354,-0.67708,0.80521,0.36146,0.51979,0.14375,0.0,0.0,-1.0,-0.27083,-0.84792,0.9625,1.0,1.0,-1.0,0.67708,0.0,0.0,0.0,0.0,0.0
1.0,0.0,1.0,0.14286,1.0,0.71429,1.0,0.71429,1.0,-0.14286,0.85714,-0.14286,1.0,0.02534,1.0,0.0,0.42857,-0.14286,1.0,0.03617,1.0,-0.28571,1.0,0.0,0.28571,-0.28571,1.0,0.04891,1.0,0.05182,1.0,0.57143,1.0,0.0,1.0
1.0,0.0,0.88103,-0.00857,0.89818,-0.02465,0.94105,-0.01822,0.89175,-0.12755,0.82208,-0.10932,0.88853,0.01179,0.90782,-0.13719,0.87138,-0.06109,0.90782,-0.02358,0.87996,-0.14577,0.82851,-0.12433,0.90139,-0.19507,0.88245,-0.14903,0.84352,-0.12862,0.88424,-0.18542,0.91747,-0.16827,1.0
1.0,0.0,1.0,0.11765,1.0,0.23529,1.0,0.41176,1.0,0.05882,1.0,0.23529,1.0,0.11765,1.0,0.47059,1.0,-0.05882,1.0,-0.11765,1.0,0.35294,1.0,0.41176,1.0,-0.11765,1.0,0.20225,1.0,0.05882,1.0,0.35294,1.0,0.23529,1.0
1.0,0.0,0.83479,0.28993,0.69256,0.47702,0.49234,0.68381,0.21991,0.86761,-0.08096,0.85011,-0.35558,0.77681,-0.52735,0.58425,-0.7035,0.31291,-0.75821,0.03939,-0.71225,-0.15317,-0.58315,-0.39168,-0.37199,-0.52954,-0.1695,-0.60863,0.08425,-0.61488,0.25164,-0.48468,0.40591,-0.35339,1.0
1.0,0.0,0.39286,0.52381,-0.78824,0.11342,-0.16628,-0.76378,0.66667,0.0119,0.82143,0.40476,-0.6723,0.30729,-0.34797,-0.63668,0.46429,0.15476,0.54762,0.05952,-0.5183,0.44961,-0.47651,-0.47594,0.32143,0.70238,0.51971,0.38848,0.57143,0.39286,-0.54891,-0.29915,0.25441,-0.55837,0.0
0.0,0.0,1.0,-1.0,1.0,1.0,1.0,1.0,1.0,1.0,1.0,1.0,1.0,-1.0,1.0,1.0,1.0,1.0,1.0,-1.0,1.0,-1.0,1.0,-1.0,1.0,-1.0,1.0,1.0,1.0,-1.0,1.0,1.0,1.0,1.0,0.0
1.0,0.0,0.97714,0.19049,0.82683,0.46259,0.71771,0.58732,0.47968,0.84278,0.31409,0.92643,0.10289,0.93945,-0.13254,0.8429,-0.3202,0.91624,-0.52145,0.79525,-0.68274,0.49508,-0.77408,0.33537,-0.85376,0.17849,-0.83314,-0.01358,-0.82366,-0.19321,-0.67289,-0.33662,-0.59943,-0.497,1.0
1.0,0.0,0.32789,0.11042,0.1597,0.29308,0.1402,0.74485,-0.25131,0.91993,-0.16503,0.26664,-0.63714,0.24865,-0.9765,-0.00337,-0.23227,-0.19909,-0.30522,-0.48886,-0.14426,-0.89991,0.09345,-0.28916,0.28307,-0.1856,0.39599,-0.11498,0.31005,0.05614,0.21443,0.2054,0.13376,0.26422,1.0
1.0,0.0,0.90932,0.08791,0.86528,0.16888,1.0,0.16598,0.55187,0.68154,0.70207,0.36719,0.16286,0.42739,0.5762,0.46086,0.51067,0.49618,0.31639,0.12967,0.37824,0.54462,0.31274,0.55826,0.24856,0.56527,0.18626,0.56605,0.12635,0.56101,0.06927,0.55061,0.12137,0.67739,1.0
1.0,0.0,1.0,-0.0373,1.0,-0.07383,0.99601,-0.11039,0.99838,-0.09931,0.98941,-0.13814,0.96674,-0.21695,0.95288,-0.25099,0.91236,-0.344,0.90581,-0.32152,0.89991,-0.34691,0.87874,-0.37643,0.86213,-0.4299,0.83172,-0.43122,0.81433,-0.42593,0.77919,-0.47977,0.75115,-0.50152,1.0
1.0,0.0,1.0,0.45455,1.0,-0.45455,1.0,0.09091,1.0,-0.09091,1.0,0.0,1.0,-0.27273,1.0,-0.18182,1.0,0.09091,1.0,0.0,1.0,-0.36364,1.0,0.09091,1.0,-0.09091,1.0,-0.04914,1.0,0.45455,1.0,-0.27273,1.0,-0.18182,1.0
1.0,0.0,0.83609,0.13215,0.72171,0.06059,0.65829,0.08315,0.23888,0.12961,0.43837,0.2033,0.49418,0.12686,0.44747,0.13507,0.29352,0.02922,0.48158,0.15756,0.32835,0.14616,0.29495,0.14638,0.26436,0.1453,0.23641,0.14314,0.26429,0.16137,0.18767,0.13632,0.16655,0.13198,1.0
1.0,0.0,1.0,-0.03365,1.0,0.00485,1.0,-0.12062,0.88965,0.01198,0.73082,0.05346,0.85443,0.00827,0.54591,0.00299,0.83775,-0.13644,0.75535,-0.0854,0.70887,-0.27502,0.43385,-0.12062,0.57528,-0.4022,0.58984,-0.22145,0.431,-0.17365,0.60436,-0.2418,0.56045,-0.38238,1.0
1.0,0.0,1.0,-0.18829,0.93035,-0.36156,-0.10868,-0.93597,1.0,-0.04549,0.50874,-0.67743,0.34432,-0.69707,-0.51685,-0.97515,0.05499,-0.62237,0.33109,-1.0,-0.13151,-0.453,-0.18056,-0.35734,-0.20332,-0.26569,-0.20468,-0.18401,-0.1904,-0.11593,-0.16626,-0.06288,-0.13738,-0.02447,0.0
1.0,0.0,0.32834,0.0252,0.15236,0.21278,0.14919,0.74003,-0.25706,0.92324,-0.10312,0.1938,-0.61352,0.25786,-0.94053,-0.05409,-0.13117,-0.14329,-0.30315,-0.44615,-0.11409,-0.85597,0.02668,-0.22786,0.27942,-0.06295,0.33737,-0.11876,0.27657,-0.11409,0.15078,0.13296,0.12197,0.20468,1.0
1.0,0.0,0.66667,-0.01366,0.97404,0.06831,0.4959,0.50137,0.75683,-0.00273,0.65164,-0.14071,0.40164,-0.48907,0.39208,0.58743,0.76776,0.31831,0.78552,0.11339,0.47541,-0.44945,1.0,0.00683,0.60656,0.06967,0.68656,0.17088,0.87568,0.07787,0.55328,0.2459,0.13934,0.48087,1.0
1.0,0.0,0.74084,0.04974,0.79074,0.02543,0.78575,0.03793,0.6623,0.09948,0.67801,0.31152,0.75934,0.07348,0.74695,0.08442,0.70681,-0.07853,0.63613,0.0,0.70021,0.11355,0.68183,0.12185,0.67016,0.15445,0.64158,0.13608,0.65707,0.17539,0.59759,0.14697,0.57455,0.15114,1.0
1.0,0.0,0.61538,0.18923,0.78157,0.0178,0.77486,0.02647,0.65077,-0.10308,0.77538,0.08,0.73961,0.0506,0.72322,0.05776,0.68615,-0.08923,0.61692,0.16308,0.66233,0.07573,0.63878,0.08041,0.60154,-0.07231,0.58803,0.08767,0.55077,0.25692,0.53389,0.09207,0.50609,0.09322,1.0
1.0,0.0,1.0,0.51515,0.45455,0.33333,0.06061,0.36364,-0.32104,0.73062,-0.45455,0.48485,-0.57576,0.0,-0.57576,-0.12121,-0.33333,-0.48485,-0.09091,-0.84848,0.48485,-0.57576,0.57576,-0.42424,1.0,-0.39394,0.72961,0.12331,0.9697,0.57576,0.24242,0.36364,0.09091,0.33333,1.0
1.0,0.0,0.51207,1.0,1.0,0.5381,0.71178,0.80833,0.45622,0.46427,0.33081,1.0,0.21249,1.0,-0.17416,1.0,-0.33081,0.98722,-0.61382,1.0,-0.52674,0.71699,-0.885,0.47894,-1.0,0.35175,-1.0,0.09569,-1.0,-0.16713,-1.0,-0.42226,-0.91903,-0.65557,1.0
1.0,0.0,0.31034,-0.10345,0.24138,-0.10345,0.2069,-0.06897,0.07405,-0.05431,0.03649,-0.03689,0.01707,-0.02383,0.00741,-0.01482,0.00281,-0.00893,0.00078,-0.00523,-3e-05,-0.00299,-0.00028,-0.00166,-0.00031,-0.0009,-0.00025,-0.00048,-0.00018,-0.00024,-0.00012,-0.00012,-8e-05,-6e-05,1.0
1.0,0.0,0.97467,0.13082,0.9412,0.20036,0.88783,0.32248,0.89009,0.32711,0.8555,0.45217,0.72298,0.52284,0.69946,0.5882,0.58548,0.66893,0.48869,0.70398,0.44245,0.68159,0.35289,0.75622,0.26832,0.7621,0.16813,0.78541,0.07497,0.80439,-0.02962,0.77702,-0.10289,0.74242,1.0
1.0,0.0,0.66161,-1.0,1.0,1.0,1.0,-0.67321,0.80893,-0.40446,1.0,-1.0,1.0,-0.89375,1.0,0.73393,0.17589,0.70982,1.0,0.78036,1.0,0.85268,1.0,-1.0,1.0,0.85357,1.0,-0.08571,0.95982,-0.3625,1.0,0.65268,1.0,0.34732,0.0
1.0,0.0,0.34694,0.20408,0.46939,0.2449,0.40816,0.20408,0.46939,0.44898,0.30612,0.59184,0.12245,0.55102,0.0,0.5102,-0.06122,0.55102,-0.20408,0.55102,-0.28571,0.44898,-0.28571,0.32653,-0.61224,0.22449,-0.46579,0.14895,-0.59184,0.18367,-0.34694,0.0,-0.26531,-0.2449,1.0
0.0,0.0,1.0,-1.0,1.0,1.0,1.0,-1.0,1.0,1.0,1.0,-1.0,1.0,-1.0,1.0,-1.0,1.0,1.0,1.0,1.0,1.0,1.0,1.0,-1.0,1.0,1.0,1.0,1.0,1.0,1.0,1.0,1.0,1.0,-1.0,0.0
1.0,0.0,1.0,0.11385,0.70019,-0.12144,0.81594,0.09677,0.71157,0.01139,0.56167,-0.0778,0.6907,0.12524,0.58634,0.03985,0.53131,-0.03416,0.6945,0.16888,0.72676,0.07211,0.32068,0.05882,0.53321,0.37381,0.4909,0.17951,0.1518,0.32448,0.44141,0.18897,0.56167,0.1518,1.0
1.0,0.0,0.44444,0.44444,0.53695,0.90763,-0.22222,1.0,-0.33333,0.88889,-1.0,0.33333,-1.0,-0.11111,-1.0,-0.22222,-0.66667,-0.77778,0.55556,-1.0,-0.22222,-0.77778,0.77778,-0.22222,0.33333,0.0,0.9212,0.45019,0.57454,0.84353,0.22222,1.0,-0.55556,1.0,1.0
1.0,0.0,0.50466,-0.169,0.71442,0.01513,0.71063,0.02258,0.68065,0.01282,0.34615,0.05594,0.6905,0.04393,0.68101,0.05058,0.67023,0.05692,0.63403,-0.04662,0.64503,0.06856,0.63077,0.07381,0.84033,0.18065,0.59935,0.08304,0.38228,0.0676,0.56466,0.09046,0.54632,0.09346,1.0
1.0,0.0,0.90116,0.16607,0.79299,0.37379,0.7299,0.50515,0.59784,0.72997,0.44303,0.81152,0.24412,0.87493,0.06438,0.85038,-0.12611,0.87396,-0.28739,0.79617,-0.46635,0.65924,-0.57135,0.53805,-0.68159,0.39951,-0.71844,0.25835,-0.72369,0.11218,-0.71475,-0.05525,-0.67699,-0.19904,1.0
1.0,0.0,-0.00641,-0.5,0.0,0.0,-0.01923,1.0,0.0,0.0,0.0,0.0,0.0,0.0,0.0,0.0,0.0,0.0,0.3141,0.92949,-0.35256,0.74359,-0.34615,-0.80769,0.0,0.0,-0.61538,-0.51282,0.0,0.0,0.0,0.0,0.0,0.0,0.0
0.0,0.0,1.0,1.0,1.0,-1.0,0.0,0.0,0.0,0.0,1.0,1.0,1.0,1.0,-1.0,-1.0,1.0,-1.0,-1.0,1.0,0.0,0.0,1.0,-1.0,1.0,-1.0,1.0,1.0,-1.0,-1.0,0.0,0.0,0.0,0.0,0.0
1.0,0.0,0.90071,0.01773,1.0,-0.01773,0.90071,0.00709,0.84752,0.05674,1.0,0.03546,0.97872,0.01064,0.97518,0.03546,1.0,-0.03191,0.89716,-0.03191,0.8617,0.07801,1.0,0.0922,0.90071,0.0461,0.94305,0.03247,0.94681,0.02482,1.0,0.01064,0.93617,0.02128,1.0
0.0,0.0,0.0,0.0,0.0,0.0,0.0,0.0,0.0,0.0,0.0,0.0,0.0,0.0,0.0,0.0,0.0,0.0,0.0,0.0,0.0,0.0,0.0,0.0,0.0,0.0,1.0,0.0,0.0,0.0,0.0,0.0,0.0,0.0,0.0
1.0,0.0,0.67547,0.04528,0.76981,-0.10566,0.77358,0.03774,0.66038,-0.04528,0.64528,0.01132,0.66792,-0.13962,0.72075,-0.02264,0.76981,0.08679,0.61887,-0.07925,0.75849,-0.23774,0.73962,-0.14717,0.84906,-0.15094,0.73886,-0.05801,0.66792,0.02264,0.86415,0.03774,0.73208,0.00755,1.0
1.0,0.0,0.96087,0.0862,0.9676,0.19279,0.96026,0.27451,0.98044,0.35052,0.92867,0.46281,0.86265,0.52517,0.8282,0.58794,0.73242,0.69065,0.69003,0.7314,0.54473,0.6882,0.48339,0.76197,0.40615,0.74689,0.33401,0.83796,0.24944,0.86061,0.13756,0.86835,0.09048,0.86285,1.0
1.0,0.0,0.94531,-0.03516,-1.0,-0.33203,-1.0,-0.01563,0.97266,0.01172,0.93359,-0.01953,-1.0,0.16406,-1.0,-0.00391,0.95313,-0.03516,0.92188,-0.02734,-0.99219,0.11719,-0.93359,0.34766,0.95703,-0.00391,0.82041,0.13758,0.90234,-0.06641,-1.0,-0.1875,-1.0,-0.34375,0.0
1.0,0.0,1.0,0.16801,0.99352,0.16334,0.94616,0.33347,0.91759,0.2261,0.91408,0.37107,0.8425,0.46899,0.81011,0.49225,0.78473,0.48311,0.65091,0.56977,0.56553,0.58071,0.55586,0.6472,0.48311,0.55236,0.43317,0.69129,0.35684,0.76147,0.33921,0.66844,0.22101,0.78685,1.0
1.0,0.0,0.89835,0.35157,0.67333,0.62233,0.43898,0.94353,-0.03643,0.8051,-0.22838,0.75334,-0.25137,0.48816,-0.57377,0.28415,-0.6675,0.10591,-0.47359,-0.06193,-0.81056,-0.06011,-0.33197,-0.47592,-0.12897,-0.5362,0.07158,-0.51925,0.24321,-0.43478,0.36586,-0.30057,0.42805,0.13297,1.0
1.0,0.0,0.92657,0.04174,0.89266,0.15766,0.86098,0.19791,0.83675,0.36526,0.80619,0.40198,0.76221,0.40552,0.66586,0.4836,0.60101,0.51752,0.53392,0.5218,0.48435,0.54212,0.42546,0.55684,0.3334,0.55274,0.26978,0.54214,0.22307,0.53448,0.14312,0.49124,0.11573,0.46571,1.0
1.0,0.0,0.87578,0.03727,0.89951,0.00343,0.8921,0.0051,0.86335,0.0,0.95031,0.07453,0.87021,0.00994,0.86303,0.01151,0.83851,-0.06211,0.85714,0.02484,0.84182,0.01603,0.83486,0.01749,0.79503,-0.04348,0.82111,0.02033,0.81988,0.08696,0.80757,0.02308,0.80088,0.02441,1.0
1.0,0.0,1.0,1.0,1.0,-1.0,0.0,0.0,0.0,0.0,1.0,1.0,1.0,-1.0,1.0,1.0,1.0,-1.0,0.0,0.0,0.0,0.0,1.0,-0.27778,0.0,0.0,1.0,-1.0,1.0,1.0,1.0,-1.0,0.0,0.0,0.0
1.0,0.0,0.82254,-0.07572,0.80462,0.00231,0.87514,-0.01214,0.86821,-0.07514,0.72832,-0.11734,0.84624,0.05029,0.83121,-0.07399,0.74798,0.06705,0.78324,0.06358,0.86763,-0.0237,0.78844,-0.06012,0.74451,-0.0237,0.76717,-0.02731,0.74046,-0.0763,0.70058,-0.0422,0.78439,0.01214,1.0
1.0,0.0,0.61857,0.1085,0.70694,-0.06935,0.70358,0.01678,0.74273,0.00224,0.71029,0.15772,0.71588,-0.00224,0.79754,0.066,0.83669,-0.16555,0.6868,-0.0906,0.62528,-0.01342,0.60962,0.11745,0.71253,-0.09508,0.69845,-0.01673,0.63311,0.0481,0.78859,-0.05145,0.65213,-0.04698,1.0
0.0,0.0,1.0,-1.0,1.0,1.0,-1.0,-1.0,1.0,-1.0,0.0,0.0,0.0,0.0,-1.0,1.0,1.0,-1.0,1.0,-1.0,-0.75,1.0,1.0,-1.0,1.0,-1.0,1.0,-1.0,-1.0,-1.0,0.0,0.0,1.0,-1.0,0.0
1.0,0.0,-0.67935,-1.0,-1.0,1.0,1.0,0.63317,0.03515,-1.0,-1.0,-1.0,1.0,1.0,0.88683,-1.0,-1.0,1.0,0.8384,1.0,1.0,-1.0,-1.0,-1.0,-0.18856,1.0,1.0,-1.0,-1.0,-1.0,-1.0,1.0,1.0,0.33611,0.0
1.0,0.0,0.74449,-0.0239,0.70772,0.03309,0.72243,0.16912,0.79228,0.07721,0.81434,0.43934,0.63787,0.00551,0.70772,0.21691,1.0,0.06066,0.61029,0.05147,0.67463,0.04228,0.52022,-0.25,0.72978,-0.15809,0.61727,0.07124,0.30882,0.0864,0.55916,0.07458,0.60294,0.21691,1.0
0.0,0.0,1.0,1.0,1.0,-1.0,0.0,0.0,0.0,0.0,-1.0,-1.0,0.0,0.0,0.0,0.0,-1.0,1.0,1.0,1.0,-1.0,1.0,-1.0,1.0,1.0,-1.0,1.0,1.0,-1.0,1.0,1.0,1.0,0.0,0.0,0.0
1.0,0.0,0.91767,0.18198,0.8609,0.35543,0.72873,0.45747,0.60425,0.69865,0.50376,0.74922,0.361,0.81795,0.15664,0.83558,0.00396,0.8521,-0.1639,0.77853,-0.35996,0.76193,-0.43087,0.65385,-0.5314,0.53886,-0.60328,0.40972,-0.64511,0.27338,-0.6571,0.13667,-0.64056,0.05394,1.0
1.0,0.0,1.0,0.01105,1.0,0.01105,1.0,0.0232,0.99448,-0.01436,0.99448,-0.00221,0.98343,0.0232,1.0,0.00884,0.97569,0.00773,0.97901,0.01657,0.98011,0.00663,0.98122,0.02099,0.97127,-0.00663,0.98033,0.016,0.97901,0.01547,0.98564,0.02099,0.98674,0.02762,1.0
1.0,0.0,0.95882,0.10129,1.0,-0.01918,0.98313,0.02555,0.96974,-0.09316,0.98955,-0.02716,0.9798,-0.03096,1.0,-0.05343,1.0,-0.05179,0.9384,0.01557,0.9762,-0.09284,0.97889,-0.05318,0.91567,-0.15675,0.95677,-0.06995,0.90978,0.01307,1.0,-0.10797,0.93144,-0.06888,1.0
1.0,0.0,0.85209,0.39252,0.38887,0.76432,0.08858,0.98903,-0.42625,0.88744,-0.76229,0.4998,-0.93092,0.10768,-0.859,-0.31044,-0.6603,-0.55262,-0.1926,-0.86063,0.28444,-0.80496,0.64649,-0.3523,0.77814,-0.23324,0.71698,0.21343,0.3783,0.5831,0.19667,0.66315,-0.11215,0.64933,1.0
0.0,0.0,1.0,1.0,1.0,-1.0,1.0,1.0,1.0,1.0,1.0,1.0,1.0,1.0,1.0,1.0,1.0,-1.0,-1.0,1.0,-1.0,1.0,-1.0,1.0,1.0,-1.0,1.0,1.0,-1.0,1.0,-1.0,-1.0,-1.0,1.0,0.0
1.0,0.0,0.02337,-0.00592,-0.09924,-0.11949,-0.00763,-0.11824,0.14706,0.06637,0.03786,-0.06302,0.0,0.0,-0.04572,-0.1554,-0.00343,-0.10196,-0.11575,-0.05414,0.01838,0.03669,0.01519,0.00888,0.03513,-0.01535,-0.0324,0.09223,-0.07859,0.00732,0.0,0.0,-0.00039,0.12011,0.0
1.0,0.0,0.85013,0.01809,0.92211,0.01456,0.92046,0.0218,0.92765,0.0801,0.87597,0.1137,0.91161,0.0432,0.90738,0.05018,0.87339,0.02842,0.95866,0.0,0.89097,0.07047,0.8843,0.07697,0.83721,0.10853,0.86923,0.0895,0.87597,0.08786,0.85198,0.10134,0.84258,0.10698,1.0
1.0,0.0,0.68148,0.1037,0.77037,0.03457,0.65185,0.08148,0.60988,-0.00494,0.79012,0.11852,0.59753,0.04938,0.62469,0.0963,0.78272,-0.17531,0.73827,-0.10864,0.48642,0.00988,0.60988,0.08148,0.66667,-0.1284,0.63773,-0.02451,0.76543,0.02222,0.61235,-0.0716,0.51358,-0.04691,1.0
1.0,0.0,0.4709,0.22751,0.42328,0.33598,0.25661,0.47619,0.01852,0.49471,-0.02116,0.53968,-0.34127,0.31217,-0.4127,0.3254,-0.51587,0.06878,-0.5,-0.1164,-0.14815,-0.1455,-0.14815,-0.38095,-0.2328,0.00265,0.03574,-0.31739,0.15873,-0.21693,0.24868,-0.24339,0.2672,0.04233,1.0
1.0,0.0,0.88208,-0.14639,0.93408,-0.11057,0.921,-0.1645,0.88307,-0.17036,0.88462,-0.31809,0.85269,-0.31463,0.82116,-0.35924,0.80681,-0.33632,0.75243,-0.47022,0.70555,-0.47153,0.6615,-0.50085,0.61297,-0.48086,0.56804,-0.54629,0.50179,-0.59854,0.47075,-0.57377,0.42189,-0.58086,1.0
1.0,0.0,0.79157,0.16851,0.0,0.0,0.56541,0.06874,0.39468,1.0,0.38359,0.99557,-0.02439,0.53215,0.23725,0.1286,-0.02661,0.95122,-0.50998,0.84922,-0.102,0.38803,-0.42572,0.23725,-0.91574,0.8071,-0.34146,0.88248,-1.0,0.69401,-1.0,0.1286,0.0,0.0,0.0
1.0,0.0,0.86889,-0.07111,1.0,-0.02494,1.0,-0.06889,0.87778,0.00222,0.83556,-0.06444,1.0,-0.07287,1.0,-0.2,0.86889,0.05333,0.88,-0.03778,1.0,-0.11526,1.0,-0.18667,0.84444,0.03556,1.0,-0.14162,0.82222,-0.14667,1.0,-0.15609,1.0,-0.44222,1.0
1.0,0.0,0.80627,0.13069,0.73061,0.24323,0.64615,0.19038,0.36923,0.45577,0.44793,0.46439,0.25,0.57308,0.25192,0.37115,0.15215,0.51877,-0.09808,0.575,-0.03462,0.42885,-0.08856,0.44424,-0.14943,0.40006,-0.1994,0.34976,-0.23832,0.29541,-0.26634,0.23896,-0.23846,0.31154,1.0
1.0,0.0,0.99449,0.00526,0.84082,-0.11313,0.88237,-0.16431,0.99061,-0.06257,0.96484,-0.07496,0.85221,0.02966,0.87161,-0.20848,0.93881,-0.12977,0.98298,-0.08935,0.89876,0.00075,0.87836,-0.05882,0.93368,-0.19872,0.87579,-0.17806,0.94294,-0.16581,0.80253,-0.25741,0.76586,-0.27794,1.0
1.0,0.0,0.06404,-0.15271,-0.04433,0.05911,0.08374,-0.02463,-0.01478,0.18719,0.06404,0.0,0.12315,-0.09852,0.05911,0.0,0.0197,-0.02956,-0.12808,-0.2069,0.06897,0.01478,0.06897,0.02956,0.07882,0.16256,0.28079,-0.04926,-0.05911,-0.0936,0.04433,0.05419,0.07389,-0.10837,0.0
1.0,0.0,0.95559,-0.00155,0.86421,-0.13244,0.94982,-0.00461,0.82809,-0.51171,0.92441,0.10368,1.0,-0.14247,0.99264,-0.02542,0.95853,-0.15518,0.84013,0.61739,1.0,-0.16321,0.87492,-0.08495,0.85741,-0.01664,0.84132,-0.01769,0.82427,-0.01867,0.80634,-0.01957,0.78761,-0.02039,1.0
1.0,0.0,0.89589,0.39286,0.66129,0.71804,0.29521,0.90824,-0.04787,0.94415,-0.45725,0.84605,-0.7766,0.58511,-0.92819,0.25133,-0.92282,-0.15315,-0.76064,-0.48404,-0.50931,-0.76197,-0.14895,-0.88591,0.21581,-0.85703,0.53229,-0.68593,0.74846,-0.40656,0.83142,-0.07029,0.76862,0.27926,1.0
1.0,0.0,1.0,-1.0,1.0,1.0,-1.0,1.0,1.0,-1.0,1.0,-1.0,-1.0,-1.0,-1.0,1.0,1.0,1.0,1.0,1.0,-1.0,1.0,1.0,-1.0,1.0,-1.0,1.0,1.0,1.0,1.0,-1.0,1.0,-1.0,1.0,0.0
0.0,0.0,-1.0,1.0,1.0,-1.0,-1.0,1.0,0.0,0.0,1.0,1.0,-1.0,-0.1875,1.0,1.0,-1.0,-1.0,1.0,-1.0,-1.0,-1.0,1.0,1.0,1.0,-1.0,1.0,1.0,1.0,1.0,0.0,0.0,-1.0,-1.0,0.0
1.0,0.0,1.0,0.5,1.0,0.25,0.25,1.0,0.16851,0.9118,-0.13336,0.80454,-0.34107,0.60793,-0.4382,0.37856,-0.43663,0.16709,-0.36676,0.00678,-0.26477,-0.09025,-0.16178,-0.12964,-0.07782,-0.12744,-0.02089,-0.10242,0.01033,-0.07036,0.02224,-0.04142,0.02249,-0.02017,1.0
1.0,0.0,0.5984,0.40332,0.82809,0.80521,0.76001,0.70709,0.8401,-0.10984,0.97311,0.07981,0.95824,-0.85727,0.91962,0.88444,0.95452,-0.05206,0.88673,0.18135,0.98484,-0.69594,0.8667,-0.85755,0.28604,-0.30063,1.0,0.17076,0.62958,0.42677,0.87757,0.81007,0.81979,0.68822,0.0
1.0,0.0,0.5894,-0.60927,0.8543,0.55298,0.81126,0.07285,0.56623,0.16225,0.32781,0.24172,0.50331,0.12252,0.63907,0.19868,0.71854,0.42715,0.54305,0.13907,0.65232,0.27815,0.68874,0.07285,0.51872,0.26653,0.49013,0.27687,0.46216,0.28574,0.43484,0.29324,0.40821,0.29942,1.0
1.0,0.0,0.93658,0.35107,0.75254,0.6564,0.45571,0.88576,0.15323,0.95776,-0.21775,0.96301,-0.56535,0.83397,-0.78751,0.58045,-0.93104,0.2602,-0.93641,-0.06418,-0.87028,-0.40949,-0.65079,-0.67464,-0.36799,-0.84951,-0.04578,-0.91221,0.2733,-0.85762,0.54827,-0.69613,0.74828,-0.44173,1.0
1.0,0.0,0.85271,0.05426,1.0,0.08069,1.0,1.0,0.91473,-0.00775,0.83721,0.03876,1.0,0.27153,1.0,1.0,0.81395,0.04651,0.90698,0.11628,1.0,0.5067,1.0,-1.0,0.8062,0.03876,1.0,0.71613,0.84496,0.06977,1.0,0.87317,1.0,1.0,0.0
1.0,0.0,0.41932,0.12482,0.35,0.125,0.23182,0.27955,-0.03636,0.44318,0.04517,0.36194,-0.19091,0.33636,-0.1335,0.27322,0.02727,0.40455,-0.34773,0.12727,-0.20028,0.05078,-0.18636,0.36364,-0.14003,-0.04802,-0.09971,-0.07114,-1.0,-1.0,-0.02916,-0.07464,-0.00526,-0.06314,0.0
1.0,0.0,0.85736,0.00075,0.81927,-0.05676,0.77521,-0.04182,0.84317,0.09037,0.86258,0.11949,0.88051,-0.06124,0.78342,0.0351,0.83719,-0.06796,0.8357,-0.1419,0.88125,0.01195,0.90515,0.0224,0.79686,-0.01942,0.82383,-0.03678,0.88125,-0.06423,0.73936,-0.01942,0.79089,-0.09186,1.0
1.0,0.0,0.76627,0.21106,0.63935,0.38112,0.48409,0.525,0.15,0.22273,0.13753,0.59565,-0.07727,0.44545,0.0,0.48636,-0.27491,0.42014,-0.56136,0.36818,-0.36591,0.18864,-0.40533,0.07588,-0.38483,-0.03229,-0.33942,-0.12486,-0.2754,-0.19714,-0.19962,-0.24648,-0.11894,-0.27218,1.0
0.0,0.0,0.0,0.0,0.0,0.0,0.0,0.0,0.0,0.0,0.0,0.0,0.0,0.0,0.0,0.0,0.0,0.0,0.0,0.0,0.0,0.0,0.0,0.0,0.0,0.0,1.0,1.0,0.0,0.0,0.0,0.0,0.0,0.0,0.0
1.0,0.0,0.4375,0.04167,0.58333,-0.10417,0.39583,0.0,0.33333,-0.0625,0.47917,0.0,0.29167,0.10417,0.54167,0.02083,0.4375,-0.22917,0.35417,-0.22917,0.33333,0.08333,0.25,0.1875,0.39583,-0.1875,0.44012,-0.10064,0.41667,-0.08333,0.58333,-0.3125,0.33333,-0.0625,1.0
1.0,0.0,-0.64286,-1.0,1.0,0.82857,1.0,-1.0,1.0,-0.23393,1.0,0.96161,1.0,-0.37679,1.0,-1.0,1.0,0.13839,1.0,-1.0,1.0,-0.03393,-0.84286,1.0,0.5375,0.85714,1.0,1.0,1.0,-1.0,1.0,-1.0,1.0,-1.0,0.0
1.0,0.0,0.94333,0.38574,0.48263,0.64534,0.21572,0.77514,-0.55941,0.64899,-0.73675,0.42048,-0.76051,0.0,-0.62706,-0.31079,-0.38391,-0.62157,-0.12797,-0.69287,0.49909,-0.6362,0.71481,-0.3766,0.73857,-0.05484,0.60098,0.30384,0.45521,0.60512,0.02742,0.54479,-0.21572,0.50457,1.0
1.0,0.0,0.5,0.0,0.38696,0.10435,0.4913,0.06522,0.46957,-0.03913,0.35652,-0.12609,0.45652,0.04783,0.50435,0.02609,0.35652,0.19565,0.42174,0.14783,0.42174,-0.02609,0.32174,-0.11304,0.47391,-0.0087,0.41789,0.06908,0.38696,0.03913,0.35217,0.14783,0.44783,0.17391,1.0
1.0,0.0,0.91353,0.81586,-0.72973,1.0,-0.39466,0.55735,0.05405,0.2973,-0.18599,-0.10241,-0.03158,-0.0897,0.01401,-0.03403,0.01108,-0.00537,0.00342,0.00097,0.00048,0.00075,-3e-05,0.00019,-3e-05,2e-05,-1e-05,0.0,0.0,0.0,0.0,0.0,0.0,0.0,0.0
1.0,0.0,0.25316,0.35949,0.0,0.0,-0.2962,-1.0,0.0,0.0,0.07595,-0.07342,0.0,0.0,0.0,0.0,0.0,0.0,0.0,0.0,0.00759,0.68101,-0.2,0.33671,-0.1038,0.35696,0.0557,-1.0,0.0,0.0,0.06329,-1.0,0.0,0.0,0.0
1.0,0.0,0.94598,-0.02685,-1.0,0.26131,-0.36393,0.35639,0.69258,-0.63427,1.0,-0.03353,-0.2902,-0.0055,-0.54852,0.15452,0.91921,-0.4627,1.0,-0.50424,-0.29735,-0.31454,-0.73864,0.37361,0.83872,-0.46734,0.52208,-0.5813,1.0,-0.61393,-0.09634,0.20477,-0.06117,0.41913,0.0
0.0,0.0,0.0,0.0,0.0,0.0,0.0,0.0,0.0,0.0,0.0,0.0,0.0,0.0,0.0,0.0,0.0,0.0,0.0,0.0,0.0,0.0,0.0,0.0,0.0,0.0,1.0,-1.0,0.0,0.0,0.0,0.0,0.0,0.0,0.0
1.0,0.0,0.01667,-0.35625,0.0,0.0,0.0,0.0,0.0,0.0,0.0,0.0,0.0,0.0,0.12292,-0.55,0.22813,0.82813,1.0,-0.42292,0.0,0.0,0.08333,-1.0,-0.10625,-0.16667,1.0,-0.76667,-1.0,0.18854,0.0,0.0,1.0,-0.27292,0.0
1.0,0.0,0.84713,-0.03397,0.86412,-0.08493,0.81953,0.0,0.73673,-0.07643,0.71975,-0.13588,0.74947,-0.11677,0.77495,-0.18684,0.78132,-0.21231,0.61996,-0.10191,0.79193,-0.15711,0.89384,-0.03397,0.84926,-0.26115,0.74115,-0.23312,0.66242,-0.22293,0.72611,-0.37792,0.65817,-0.24841,1.0
1.0,0.0,0.50112,-0.03596,0.61124,0.01348,0.58876,0.01573,0.58876,0.02472,0.66742,-0.00449,0.71685,-0.04719,0.66517,0.00899,0.57303,0.02472,0.64719,-0.07416,0.56854,0.14157,0.57528,-0.03596,0.46517,0.04944,0.56588,0.00824,0.4764,-0.03596,0.54607,0.10562,0.60674,-0.0809,1.0
0.0,0.0,0.0,0.0,0.0,0.0,0.0,0.0,0.0,0.0,0.0,0.0,-1.0,-1.0,0.0,0.0,1.0,0.75,0.0,0.0,0.0,0.0,-1.0,1.0,0.0,0.0,1.0,-1.0,-1.0,-1.0,1.0,1.0,0.0,0.0,0.0
1.0,0.0,1.0,0.28046,1.0,0.02477,1.0,0.07764,1.0,0.04317,0.98762,0.33266,1.0,0.05489,1.0,0.04384,0.9575,-0.24598,0.84371,-0.08668,1.0,0.0415,0.99933,0.27376,1.0,-0.39056,0.96414,-0.02174,0.86747,0.2336,0.94578,-0.22021,0.80355,-0.07329,1.0
1.0,0.0,0.99701,0.21677,0.91966,0.4703,0.76902,0.62415,0.53312,0.7812,0.36774,0.88291,0.10107,0.83312,-0.06827,0.89274,-0.28269,0.72073,-0.43707,0.61688,-0.55769,0.4812,-0.65,0.35534,-0.64658,0.15908,-0.66651,0.02277,-0.64872,-0.13462,-0.54615,-0.22949,-0.47201,-0.35032,1.0
1.0,0.0,1.0,-0.06604,1.0,0.62937,1.0,0.09557,1.0,0.2028,1.0,-1.0,1.0,-0.40559,1.0,-0.15851,1.0,0.04895,1.0,-0.61538,1.0,-0.26573,1.0,-1.0,1.0,-0.58042,1.0,-0.81372,1.0,-1.0,1.0,-0.78555,1.0,-0.48252,1.0
1.0,0.0,0.84843,0.06794,0.80562,-0.02299,0.77031,-0.03299,0.66725,-0.0662,0.59582,-0.07666,0.6726,-0.05771,0.6426,-0.06438,0.39199,0.0453,0.71254,0.01394,0.5597,-0.08039,0.5343,-0.08453,0.47038,-0.22822,0.48659,-0.09128,0.52613,-0.08537,0.44277,-0.09621,0.42223,-0.09808,1.0
1.0,0.0,1.0,0.45455,1.0,0.54545,0.81818,0.63636,1.0,-0.09091,1.0,0.0,0.81818,-0.45455,0.63636,0.27273,1.0,-0.63636,1.0,-0.27273,0.90909,-0.45455,1.0,0.0775,1.0,-0.09091,1.0,0.08867,1.0,0.36364,1.0,0.63636,0.72727,0.27273,1.0
0.0,0.0,1.0,1.0,1.0,-1.0,1.0,1.0,1.0,1.0,1.0,1.0,1.0,-1.0,1.0,1.0,1.0,-1.0,1.0,-1.0,1.0,1.0,1.0,1.0,1.0,-1.0,1.0,1.0,1.0,1.0,1.0,1.0,1.0,1.0,0.0
1.0,0.0,0.96071,0.07088,1.0,0.04296,1.0,0.09313,0.90169,-0.05144,0.89263,0.0258,0.8325,-0.06142,0.87534,0.09831,0.76544,0.0028,0.75206,-0.05295,0.65961,-0.07905,0.64158,-0.05929,0.55677,-0.07705,0.58051,-0.02205,0.49664,-0.01251,0.5131,-0.00015,0.52099,-0.00182,1.0
1.0,0.0,1.0,-0.16316,1.0,-0.10169,0.99999,-0.15197,1.0,-0.19277,0.94055,-0.35151,0.95735,-0.29785,0.93719,-0.34412,0.94486,-0.28106,0.90137,-0.43383,0.86043,-0.47308,0.82987,-0.5122,0.8408,-0.47137,0.76224,-0.5837,0.65723,-0.68794,0.68714,-0.64537,0.64727,-0.67226,1.0
1.0,0.0,0.73523,-0.38293,0.80151,0.10278,0.78826,0.15266,0.5558,0.05252,1.0,0.21225,0.71947,0.28954,0.68798,0.32925,0.49672,0.17287,0.64333,-0.02845,0.57399,0.42528,0.5312,0.44872,0.9453,0.57549,0.44174,0.482,0.12473,1.0,0.3507,0.49721,0.30588,0.49831,1.0
1.0,0.0,1.0,0.24168,1.0,0.4859,1.0,0.72973,1.0,1.0,1.0,1.0,1.0,1.0,1.0,0.77128,1.0,1.0,1.0,1.0,0.74468,1.0,0.89647,1.0,0.64628,1.0,0.38255,1.0,0.10819,1.0,-0.1737,1.0,-0.81383,1.0,1.0
1.0,0.0,0.0,0.0,0.0,0.0,0.0,0.0,0.0,0.0,0.0,0.0,-1.0,1.0,1.0,0.55172,0.0,0.0,0.0,0.0,0.0,0.0,0.0,0.0,0.0,0.0,1.0,1.0,0.0,0.0,0.0,0.0,0.0,0.0,0.0
1.0,0.0,1.0,-0.5421,1.0,-1.0,1.0,-1.0,1.0,0.36217,1.0,-0.41119,1.0,1.0,1.0,-1.0,1.0,-0.29354,1.0,-0.93599,1.0,1.0,1.0,1.0,1.0,-0.40888,1.0,-0.62745,1.0,-1.0,1.0,-1.0,1.0,-1.0,0.0
1.0,0.0,0.89706,0.38235,0.91176,0.375,0.74265,0.67647,0.45588,0.77941,0.19118,0.88971,-0.02206,0.86029,-0.20588,0.82353,-0.375,0.67647,-0.5,0.47794,-0.73529,0.38235,-0.86029,0.08824,-0.74265,-0.125,-0.67925,-0.24131,-0.55147,-0.42647,-0.44118,-0.50735,-0.28676,-0.56618,1.0
1.0,0.0,0.49515,0.09709,0.29612,0.05825,0.34951,0.0,0.57282,-0.02427,0.58252,0.02427,0.33495,0.04854,0.52427,0.00485,0.47087,-0.1068,0.43204,0.00485,0.34951,0.05825,0.18932,0.25728,0.31068,-0.15049,0.36547,0.03815,0.3932,0.17476,0.26214,0.0,0.37379,-0.01942,1.0
1.0,0.0,1.0,-0.01342,1.0,0.01566,1.0,-0.00224,1.0,0.06264,0.97763,0.04474,0.95973,0.02908,1.0,0.06488,0.98881,0.03356,1.0,0.03579,0.99776,0.09396,0.95749,0.07383,1.0,0.10067,0.99989,0.08763,0.99105,0.08501,1.0,0.10067,1.0,0.10067,1.0
1.0,0.0,0.91667,0.29167,0.83333,-0.16667,0.70833,0.25,0.875,-0.08333,0.91667,0.04167,0.83333,0.125,0.70833,0.0,0.875,0.04167,1.0,0.08333,0.66667,-0.08333,0.75,0.16667,0.83333,-0.125,0.83796,0.05503,1.0,0.20833,0.70833,0.0,0.70833,0.04167,1.0
0.0,0.0,0.0,0.0,-1.0,-1.0,1.0,1.0,-1.0,1.0,-1.0,1.0,1.0,-1.0,1.0,1.0,-1.0,-1.0,-1.0,1.0,1.0,-1.0,-1.0,1.0,-1.0,1.0,1.0,-1.0,-1.0,1.0,-1.0,-1.0,1.0,-1.0,0.0
1.0,0.0,-1.0,1.0,-1.0,0.15244,0.28354,1.0,-1.0,1.0,-1.0,-1.0,1.0,1.0,-1.0,-0.23476,0.28301,-1.0,1.0,1.0,-0.31402,-1.0,-1.0,-1.0,1.0,-1.0,-1.0,-0.03578,1.0,-1.0,-1.0,-0.32317,0.14939,1.0,0.0
0.0,0.0,-1.0,1.0,1.0,1.0,0.0,0.0,1.0,-1.0,1.0,-1.0,1.0,-1.0,-1.0,-1.0,0.0,0.0,-1.0,-1.0,0.0,0.0,0.0,0.0,-1.0,-1.0,1.0,-1.0,1.0,1.0,-1.0,-1.0,0.0,0.0,0.0
1.0,0.0,0.74852,-0.02811,0.6568,-0.05178,0.80621,0.02811,0.85947,0.02515,0.63462,0.08728,0.71598,0.0784,0.73077,0.05178,0.7855,-0.27811,0.65976,-0.01479,0.78698,0.06953,0.34615,-0.18639,0.65385,0.02811,0.61009,-0.06637,0.5355,-0.21154,0.59024,-0.14053,0.56361,0.02959,1.0
0.0,0.0,1.0,-1.0,0.0,0.0,0.0,0.0,1.0,1.0,1.0,-1.0,-0.71875,1.0,0.0,0.0,-1.0,1.0,1.0,1.0,-1.0,1.0,1.0,0.5625,-1.0,1.0,1.0,1.0,1.0,-1.0,1.0,1.0,1.0,1.0,0.0
1.0,0.0,0.5754,-0.03175,0.75198,-0.05357,0.61508,-0.0119,0.53968,0.03373,0.61706,0.09921,0.59127,-0.02381,0.62698,0.0119,0.70833,0.02579,0.60317,0.01587,0.47817,-0.02778,0.59127,0.0377,0.5,0.03968,0.61291,-0.01237,0.61706,-0.13492,0.68849,-0.01389,0.625,-0.03175,1.0
1.0,0.0,0.83367,0.31456,0.65541,0.57671,0.34962,0.70677,0.17293,0.78947,-0.18976,0.79886,-0.41729,0.66541,-0.68421,0.47744,-0.74725,0.19492,-0.7218,-0.04887,-0.6203,-0.28195,-0.49165,-0.53463,-0.26577,-0.66014,-0.0153,-0.69706,0.22708,-0.64428,0.431,-0.51206,0.64662,-0.30075,1.0
1.0,0.0,0.57647,-0.01569,0.40392,0.0,0.38431,0.12941,0.4,-0.05882,0.56471,0.14118,0.46667,0.08235,0.52549,-0.0549,0.58039,0.01569,0.50196,0.0,0.45882,0.06667,0.58039,0.08235,0.49804,0.00392,0.48601,0.10039,0.46275,0.08235,0.45098,0.23529,0.43137,0.17255,1.0
1.0,0.0,1.0,-0.09524,-1.0,-1.0,-1.0,-1.0,1.0,0.31746,0.81349,0.7619,-1.0,-1.0,-1.0,1.0,0.47364,1.0,1.0,1.0,0.68839,-1.0,-1.0,-1.0,0.82937,0.36508,1.0,1.0,1.0,0.50794,-1.0,-0.3254,-1.0,0.72831,0.0
1.0,0.0,0.88085,0.35232,0.68389,0.65128,0.34816,0.79784,0.05832,0.90842,-0.29784,0.8649,-0.62635,0.6959,-0.77106,0.39309,-0.85803,0.08408,-0.81641,-0.24017,-0.64579,-0.50022,-0.39766,-0.68337,-0.11147,-0.75533,0.17041,-0.71504,0.40675,-0.57649,0.56626,-0.36765,0.62765,-0.13305,1.0
1.0,0.0,-0.26667,0.4,-0.27303,0.12159,-0.17778,-0.04444,0.06192,-0.06879,0.04461,0.02575,-0.00885,0.02726,-0.01586,-0.00166,-0.00093,-0.00883,0.0047,-0.00153,0.00138,0.00238,-0.00114,0.00102,-0.00069,-0.0005,0.00019,-0.00043,0.00026,5e-05,0.0,0.00015,-8e-05,2e-05,0.0
1.0,0.0,0.76046,0.01092,0.86335,0.00258,0.85821,0.00384,0.79988,0.02304,0.81504,0.12068,0.83096,0.00744,0.81815,0.00854,0.82777,-0.06974,0.76531,0.03881,0.76979,0.01148,0.75071,0.01232,0.77138,-0.00303,0.70886,0.01375,0.66161,0.00849,0.66298,0.01484,0.63887,0.01525,1.0
1.0,0.0,0.67065,0.02528,0.66626,0.05031,0.57197,0.18761,0.08776,0.34081,0.63621,0.12131,0.62099,0.14285,0.78637,0.10976,0.58373,0.18151,0.14395,0.41224,0.53888,0.21326,0.5142,0.22625,0.48838,0.23724,0.46167,0.24618,0.43433,0.25306,0.40663,0.25792,1.0,0.33036,1.0
1.0,0.0,0.63816,1.0,0.20833,-1.0,1.0,1.0,0.87719,0.30921,-0.66886,1.0,-0.05921,0.58772,0.01754,0.05044,-0.51535,-1.0,0.14254,-0.03289,0.32675,-0.4386,-1.0,1.0,0.80921,-1.0,1.0,-0.0614,1.0,1.0,0.20614,-1.0,1.0,1.0,0.0
0.0,0.0,0.0,0.0,0.0,0.0,0.0,0.0,1.0,1.0,1.0,1.0,0.0,0.0,0.0,0.0,-0.375,-1.0,-1.0,-1.0,0.0,0.0,0.0,0.0,-1.0,-1.0,-1.0,-1.0,-1.0,1.0,1.0,0.0,0.0,0.0,0.0
1.0,0.0,-1.0,-1.0,1.0,1.0,1.0,-0.14375,0.0,0.0,-1.0,1.0,1.0,1.0,0.17917,-1.0,-1.0,-1.0,0.0875,-1.0,1.0,-1.0,-1.0,1.0,-1.0,-1.0,1.0,-1.0,-1.0,-1.0,1.0,1.0,0.0,0.0,0.0
1.0,0.0,0.10135,0.10811,0.0,0.0,0.0,0.0,0.5473,0.82432,0.31081,1.0,0.0,0.0,0.0,0.0,0.37162,-1.0,0.33108,-1.0,0.0,0.0,0.0,0.0,-0.42568,-1.0,1.0,-1.0,0.55405,-0.23649,0.0,0.0,0.0,0.0,0.0
1.0,0.0,-0.5418,0.14861,-0.33746,0.73375,0.52012,-0.13932,0.31889,-0.06811,0.20743,-0.1517,0.47368,0.08978,0.56347,-0.1548,0.16409,0.45201,0.33746,0.03406,0.50464,0.07121,-0.63777,-0.6161,1.0,0.65635,0.41348,-0.40116,-0.1517,0.11146,0.02399,0.5582,0.52632,-0.08978,0.0
1.0,0.0,0.0,0.0,0.0,0.0,0.0,0.0,0.0,0.0,1.0,-0.33333,0.16667,0.26042,0.0,0.0,0.0,0.0,0.0,0.0,-0.19792,-0.21875,-0.16667,0.90625,-1.0,0.5,0.04167,0.75,-0.22917,-1.0,-0.125,-0.27083,-0.19792,-0.9375,0.0
1.0,0.0,0.94331,0.19959,0.96132,0.40803,0.80514,0.56569,0.56687,0.7083,0.41836,0.8323,0.14939,0.89489,0.05167,0.93682,-0.24742,0.83939,-0.42811,0.75554,-0.50251,0.62563,-0.65515,0.50428,-0.68851,0.30912,-0.77097,0.15619,-0.75406,-0.04399,-0.75199,-0.17921,-0.66932,-0.34367,1.0
1.0,0.0,0.19466,0.05725,0.04198,0.25191,-0.10557,0.48866,-0.18321,-0.18321,-0.41985,0.06107,-0.4542,0.0916,-0.16412,-0.30534,-0.10305,-0.39695,0.18702,-0.17557,0.34012,-0.11953,0.28626,-0.16031,0.21645,0.24692,0.03913,0.31092,-0.03817,0.26336,-0.16794,0.16794,-0.30153,-0.33588,1.0
1.0,0.0,0.72727,-0.05,0.89241,0.03462,1.0,0.72727,0.66364,-0.05909,0.48182,-0.16818,0.81809,0.09559,0.56818,1.0,0.50455,0.21818,0.66818,0.1,1.0,-0.3,0.98636,-1.0,0.57273,0.32727,0.56982,0.14673,0.42273,0.08182,0.48927,0.14643,1.0,1.0,0.0
1.0,0.0,1.0,-0.05529,1.0,-1.0,0.5,-0.11111,0.36111,-0.22222,1.0,-0.25712,0.16667,-0.11111,1.0,-0.3466,1.0,-0.38853,1.0,-0.42862,0.0,-0.25,1.0,-0.50333,1.0,-0.27778,1.0,-0.57092,1.0,-0.27778,1.0,-0.63156,1.0,-0.65935,0.0
1.0,0.0,0.50932,-0.93996,1.0,0.26708,-0.0352,-1.0,1.0,-1.0,0.43685,-1.0,0.0,0.0,-1.0,-0.34265,-0.37681,0.03623,1.0,-1.0,0.0,0.0,0.0,0.0,-0.16253,0.92236,0.39752,0.26501,0.0,0.0,1.0,0.23188,0.0,0.0,0.0
1.0,0.0,0.6351,-0.04388,0.7653,0.02968,0.61432,0.36028,0.65358,-0.00462,0.64203,0.08314,0.79446,-0.43418,0.72517,0.54965,0.59584,0.13857,0.6351,0.2194,0.63279,-0.25404,0.70951,0.15359,0.64665,0.23095,0.68775,0.17704,0.61663,0.07621,0.66316,0.19841,0.69053,0.36721,1.0
1.0,0.0,1.0,0.00433,1.0,-0.01209,1.0,-0.0296,1.0,-0.07014,0.97839,-0.06256,1.0,-0.06544,0.97261,-0.07917,0.92561,-0.13665,0.94184,-0.14327,0.99589,-0.14248,0.94815,-0.13565,0.89469,-0.20851,0.89067,-0.17909,0.85644,-0.18552,0.83777,-0.20101,0.83867,-0.20766,1.0
1.0,0.0,0.68317,0.05375,0.84803,0.00202,0.84341,0.00301,0.843,0.09901,0.75813,0.04102,0.81892,0.00585,0.80738,0.00673,0.80622,-0.12447,0.77935,-0.03536,0.76365,0.00909,0.74635,0.00978,0.79632,-0.04243,0.70824,0.01096,0.62235,0.11598,0.66624,0.0119,0.64407,0.01227,1.0
1.0,0.0,1.0,1.0,1.0,0.5125,0.625,-1.0,1.0,1.0,0.025,0.03125,1.0,1.0,0.0,0.0,1.0,-1.0,1.0,1.0,1.0,1.0,0.3125,1.0,1.0,1.0,1.0,1.0,1.0,1.0,-0.94375,1.0,0.0,0.0,0.0
1.0,0.0,0.88804,0.38138,0.65926,0.69431,0.29148,0.87892,-0.06726,0.90135,-0.39597,0.80441,-0.64574,0.56502,-0.8296,0.26906,-0.7894,-0.08205,-0.6278,-0.30942,-0.46637,-0.55605,-0.16449,-0.64338,0.09562,-0.61055,0.30406,-0.48392,0.43227,-0.29838,0.47029,-0.09461,0.42152,0.12556,1.0
1.0,0.0,0.64947,-0.07896,0.58264,-0.1438,-0.13129,-0.21384,0.29796,0.04403,0.38096,-0.26339,0.28931,-0.31997,0.03459,-0.18947,0.20269,-0.29441,0.15196,-0.29052,0.09513,-0.31525,0.06556,-0.26795,0.03004,-0.25124,-0.00046,-0.2321,-0.02612,-0.21129,-0.04717,-0.1895,0.01336,-0.27201,1.0
1.0,0.0,0.71253,-0.02595,0.41287,-0.23067,0.98019,-0.09473,0.99709,-0.10236,1.0,-0.10951,0.58965,1.0,0.83726,-1.0,0.8227,-0.17863,0.8076,-0.28257,-0.25914,0.9273,0.51933,0.05456,0.65493,-0.20392,0.93124,-0.41307,0.63811,-0.21901,0.86136,-0.87354,-0.23186,-1.0,0.0
1.0,0.0,1.0,0.23395,0.91404,0.52013,0.7802,0.72144,0.4766,0.84222,0.27639,0.9173,0.09467,0.88248,-0.2198,0.91404,-0.34168,0.75517,-0.5136,0.64527,-0.64527,0.44614,-0.74102,0.29162,-0.70838,0.03591,-0.71731,-0.11943,-0.64962,-0.28183,-0.51251,-0.44505,-0.37432,-0.53319,1.0
1.0,0.0,0.47368,-0.10526,0.83781,0.01756,0.83155,0.02615,0.68421,-0.05263,0.68421,0.0,0.79856,0.05028,0.78315,0.05756,0.84211,0.47368,1.0,0.05263,0.7255,0.07631,0.70301,0.08141,0.42105,0.21053,0.65419,0.08968,0.52632,-0.21053,0.6015,0.09534,0.57418,0.09719,1.0
1.0,0.0,1.0,-0.41457,1.0,0.76131,0.8706,0.18593,1.0,-0.09925,0.93844,0.4799,0.65452,-0.1608,1.0,0.00879,0.97613,-0.50126,0.80025,-0.24497,0.88065,-0.19095,1.0,-0.12312,0.93593,0.10678,0.9289,-0.07249,1.0,-0.27387,0.4397,0.19849,0.51382,-0.05402,1.0
1.0,0.0,0.7983,0.09417,0.78129,0.20656,0.71628,0.28068,0.6932,0.41252,0.65917,0.50122,0.57898,0.60814,0.4921,0.58445,0.33354,0.67861,0.29587,0.63548,0.09599,0.68104,0.02066,0.72236,-0.08748,0.63183,-0.11925,0.60696,-0.18226,0.56015,-0.25516,0.51701,-0.27339,0.42467,1.0
1.0,0.0,1.0,-0.37838,0.64865,0.2973,0.64865,-0.24324,0.86486,0.18919,1.0,-0.27027,0.51351,0.0,0.62162,-0.05405,0.32432,-0.21622,0.71833,-0.17666,0.62162,0.05405,0.75676,0.13514,0.35135,-0.2973,0.61031,-0.22163,0.58478,-0.23027,0.72973,-0.59459,0.51351,-0.24324,1.0
1.0,0.0,1.0,1.0,0.0,0.0,0.0,0.0,0.0,0.0,0.47744,-0.89098,-0.51504,0.45489,-0.95489,0.28571,0.64662,1.0,0.0,0.0,0.0,0.0,0.6203,0.20301,-1.0,-1.0,1.0,-1.0,1.0,1.0,0.0,0.0,0.0,0.0,0.0
1.0,0.0,1.0,-0.86701,1.0,0.2228,0.85492,-0.39896,1.0,-0.1209,1.0,0.35147,1.0,0.07772,1.0,-0.14767,1.0,-1.0,1.0,-1.0,0.61831,0.15803,1.0,0.62349,1.0,-0.17012,1.0,0.35924,1.0,-0.66494,1.0,0.88428,1.0,-0.18826,0.0
0.0,0.0,-1.0,1.0,1.0,-1.0,0.0,0.0,0.0,0.0,1.0,-1.0,1.0,1.0,0.0,0.0,1.0,-1.0,0.0,0.0,0.0,0.0,1.0,1.0,-1.0,1.0,1.0,-1.0,-1.0,1.0,-1.0,-1.0,0.0,0.0,0.0
1.0,0.0,0.90547,0.41113,0.65354,0.74761,0.29921,0.95905,-0.13342,0.9782,-0.52236,0.83263,-0.79657,0.55086,-0.96631,0.15192,-0.93001,-0.25554,-0.71863,-0.59379,-0.41546,-0.85205,-0.0225,-0.93788,0.36318,-0.85368,0.67538,-0.61959,0.85977,-0.28123,0.88654,0.098,0.75495,0.46301,1.0
1.0,0.0,1.0,-0.06182,1.0,0.02942,1.0,-0.05131,1.0,-0.01707,1.0,-0.11726,0.84493,-0.05202,0.93392,-0.06598,0.6917,-0.07379,0.65731,-0.20367,0.9491,-0.31558,0.80852,-0.31654,0.84932,-0.34838,0.72529,-0.29174,0.73094,-0.38576,0.54356,-0.26284,0.64207,-0.39487,1.0
1.0,0.0,0.95217,0.06595,0.93614,0.1303,0.90996,0.19152,0.84881,-0.49962,0.90023,0.6132,0.77937,0.34328,0.72254,0.37988,0.66145,0.40844,0.95472,0.59862,0.53258,0.44088,0.46773,0.44511,0.4044,0.44199,0.34374,0.43221,0.9033,1.0,0.23405,0.3962,0.18632,0.37191,1.0
1.0,0.0,0.94052,-0.01531,0.9417,0.01001,0.94994,-0.01472,0.95878,-0.0106,0.94641,-0.0371,0.97173,-0.01767,0.97055,-0.03887,0.95465,-0.04064,0.9523,-0.04711,0.94229,-0.02179,0.92815,-0.04417,0.92049,-0.04476,0.92695,-0.05827,0.90342,-0.07479,0.91991,-0.07244,0.92049,-0.0742,1.0
1.0,0.0,0.94653,0.28713,0.72554,0.67248,0.47564,0.82455,0.01267,0.89109,-0.24871,0.84475,-0.47644,0.56079,-0.75881,0.41743,-0.66455,0.07208,-0.65426,-0.19525,-0.52475,-0.44,-0.30851,-0.55089,-0.04119,-0.64792,0.16085,-0.5642,0.36752,-0.41901,0.46059,-0.22535,0.50376,-0.0598,1.0
1.0,0.0,0.92277,0.07804,0.92679,0.16251,0.89702,0.24618,0.84111,0.35197,0.78801,0.42196,0.70716,0.46983,0.70796,0.56476,0.60459,0.642,0.51247,0.64924,0.39903,0.66975,0.34232,0.68343,0.23693,0.76146,0.18765,0.73885,0.09694,0.71038,0.02735,0.77072,-0.04023,0.69509,1.0
0.0,0.0,-1.0,-1.0,0.0,0.0,0.0,0.0,0.0,0.0,0.0,0.0,0.0,0.0,1.0,-1.0,0.0,0.0,-1.0,-1.0,0.0,0.0,1.0,1.0,1.0,-1.0,1.0,-1.0,0.0,0.0,0.0,0.0,0.0,0.0,0.0
1.0,0.0,0.29202,0.13582,0.45331,0.16808,0.51783,-0.00509,0.52632,0.20883,0.52462,-0.16638,0.47368,-0.04754,0.55518,0.03905,0.81664,-0.22411,0.42445,-0.04244,0.34975,0.06621,0.28183,-0.20883,0.51731,-0.03176,0.50369,-0.03351,0.34635,0.09847,0.70798,-0.01868,0.39559,-0.03226,1.0
1.0,0.0,0.98455,-0.02736,0.98058,-0.04104,1.0,-0.07635,0.9872,0.01456,0.95278,-0.02604,0.985,-0.07458,0.99382,-0.07149,0.97396,-0.09532,0.97264,-0.12224,0.99294,-0.05252,0.95278,-0.08914,0.97352,-0.08341,0.96653,-0.12912,0.93469,-0.14916,0.97132,-0.15755,0.96778,-0.188,1.0
1.0,0.0,0.7479,0.0084,0.83312,0.01659,0.82638,0.02469,0.86555,0.01681,0.60504,0.05882,0.79093,0.04731,0.77441,0.05407,0.64706,0.19328,0.84034,0.04202,0.71285,0.07122,0.68895,0.07577,0.66387,0.08403,0.63728,0.08296,0.61345,0.01681,0.58187,0.08757,0.5533,0.08891,1.0
1.0,0.0,0.84177,0.4346,0.5,0.7616,0.09916,0.9346,-0.37764,0.88186,-0.72363,0.61181,-0.93882,0.19409,-0.86709,-0.25527,-0.62869,-0.65612,-0.25105,-0.85654,0.16245,-0.86498,0.51477,-0.66878,0.74895,-0.28903,0.77937,0.07933,0.64135,0.42827,0.31435,0.62447,-0.00422,0.69409,1.0
1.0,0.0,0.28409,-0.31818,0.0,0.0,0.68182,-1.0,0.30682,0.95833,0.64394,0.06439,0.34848,-0.84848,0.0,0.0,0.59091,-0.35985,0.45076,-0.80682,0.0,0.0,0.0,0.0,0.24242,0.17803,1.0,-0.23864,0.06061,-0.48485,0.16288,-0.70076,0.0,0.0,0.0
1.0,0.0,0.62335,-0.0349,0.59085,0.00481,0.60409,-0.07461,0.63177,0.00963,0.62455,-0.07461,0.67028,0.0722,0.62936,-0.08424,0.67509,0.09146,0.67148,0.0,0.58965,0.10108,0.5006,0.03129,0.65945,0.14079,0.60463,0.02019,0.51384,0.04452,0.61733,-0.00963,0.61372,-0.09146,1.0
